
**********************************
Matchup Projections, Week 2 - 2021
**********************************

   wp_a  wp_b  over_under  line        team_a          team_b
0  0.46  0.54      181.54  -2.5  Lzrlightshow        UnkleJim
1  0.35  0.65      186.33 -11.5       Edmundo       carnsc815
2  0.44  0.56      185.36  -2.5        ccarns    Plz-not-last
3  0.46  0.54      183.41  -2.5        BRUZDA          nbraun
4  0.52  0.48      187.46   1.5     WesHeroux  JBKBDomination
5  0.51  0.49      179.32   0.5      LisaJean     MegRyan0113

********************************
Team Projections, Week 2 - 2021
********************************

          mean    std     5%    25%    50%     75%     95%  p_high  p_low
team_id                                                                  
1605147  99.95  20.98  67.09  85.23  99.16  113.24  135.31    0.14   0.04
1605149  94.41  17.09  66.61  82.97  94.46  105.32  122.78    0.07   0.04
1605152  94.35  21.15  60.43  79.70  93.95  107.99  131.63    0.10   0.08
1605156  93.53  21.36  60.05  78.27  93.22  107.14  129.61    0.11   0.09
1603352  93.49  19.39  63.02  80.66  92.31  106.84  126.00    0.09   0.07
1605157  92.37  19.64  61.91  78.41  91.37  105.51  125.68    0.08   0.08
1605154  90.90  18.56  61.05  78.42  91.07  102.77  121.68    0.06   0.09
1605153  90.88  22.00  58.26  74.24  88.93  105.64  127.92    0.08   0.11
1605155  90.81  17.75  62.39  79.46  89.96  101.84  120.97    0.06   0.08
1664196  90.54  19.69  57.50  76.82  89.93  104.82  123.61    0.08   0.10
1605148  89.97  20.15  58.33  75.43  89.25  102.61  124.27    0.07   0.11
1605151  87.66  18.54  59.45  74.39  86.91  100.69  119.28    0.05   0.11

Lock of the week:
carnsc815 over Edmundo — 0.65

Photo-finish of the week::
LisaJean vs MegRyan0113, 0.51-0.49

Most unexciting game of the week:
LisaJean vs MegRyan0113, 179.32
